b0=6.67924922
b1=-13.27800206
b2=-0.18523502
b3=-0.01098739
